148 159
101000001000110111001001101011001000011000000111000101101010111110100001000100010100111100011011000011111010110010110010011011010000011001000110100000000001000
010010000101100101111100001011111101000100000001011001000110001101101001110011010000001110000100001000101000000100000111011101011111010100010000001101100001100
001100001001000110101111010000000000000011010010111100011000100100100000001011000010000000100110111001000000011000000000101101001011100000001101110010001010010
011100110010110000010001000010111011001111100011101100000100010000001111001000001100001010011101010001011000100000000110111001000000100011001110101011000110010
111110010110000110000111101010100010000010010100001010100011010011100001100001001010010100000100010010000110001100010000100000111011101101011111100110101000111
001101010110000011010000000100010010100010000010000011011010111000001001001110001001111010010010010011000000001110100000000110101101100010000000101100000110011
101101000011000000101000000001111010011101110100111100000110001000010110001111101111011100011000101100110000010001000011000011111010100100000110001011000001000
111010100001001011011001100101001000011110110000010011010000100110000111011011001100000101000110110111001000100111101001010100001001001000100011010010000100100
001010001110010100000100101101000010101001010110110101111101011010011110101000010011100101111010001011010100000001000101000000011000000000000111111111000101011
010001000001011110101011100000000000100100000110011011110001001000000001010001010000010010010000100100000000010000100101000000101001011010010010000101110101000
011010110100100001000010001010101100001001110010101001000110000000100010010011010000010101011000010010000001000000101011010100000100001101001100010100001011001
001100110001100011000001000100101101010001011000001011000100111100000010101100000100000001101010100000000001100010001010011101010010100110001001110001000000000
000001101010010100011001001000100010110110000110010000000011000000010000000100100100110010011011001001011010000100101000110110110011101111010100001000000100001
101001011001100101111000001011100010011100010101100100001001010111010001000101101001001111111011110101001001010000100010000101101001010011110010110010011001100
111000001000101011110111000001000110101101010010011001000001001001011001010000011001110111101011111010111001000011110000101000101000100000101001011101001000110
100000100000111100110101100000001000000111110011001100100000011011000111011000001000010001010010001110110111100010101010010011110000111101000001100000001011000
000111111111100100100011001101011100001101100000101000101010001010100010111000001010000001011111101000100000100010110011001101100100011001111010100010010111011
010000001011101011100000010010111001000000010000000110110001100111101101110110011000110000010010101001000001001000010010110000110111000000001010011001100000001
000011000000000000110011000000011110010101111000010000010011000011000110001010001100011000011101101110001001111010001000011001000011001001100001101110011101100
001100001001010110011101110010010001000111110001010111000000101001111010100010000001111100001001110000010010010000111010110010100100110100010010000001100011100
101011101011010100101011010100100011001011000110011000101011101110100000000100010010000110010011000010100001000010010000101001100000001110111011100110001101011
001011101001000010110100101101111001100000101010001101000100000111101011110101100010011100100011001100110110111100101000111000101000010010000100010111101111010
101011010100100011110000001001000011110110101110001011000010110100101001111101100001010001001110011000011100011100000001010100111011001100001001111100000100011
110000100000001100110111011101111011110010101000000010011100000100000101000000000100100011011000010110101000101101111011101101101100110011110010010100100110110
110111000011110001001001000110101100010000001001100001001000001001011000101000000110110101011010000100000011011100010100100110000100101100100000101110000010010
000001000000110001010001010000000010111000100101101110111000101000100011111011001010010111000000000100111010100101011011001111111000100111000111100100000000100
100010000101001000100100010110100011111000000100101001111000100010100111011101110010101000010010000011110001000110011110010111001000000001001100000010010110010
010100100000010011001010011000111110000100010001000100010111011111111111111010111100110000010100111111100100000101101100000010011010011100001000100001001010000
101010001010100011110000011001101010000000001000001100111101101001000000001001001110110101100110001101000010011011001110000111010001100100110110000001000000101
010100000100001111110101011011100000001100100000110110100100010111110011100100000000001011001010000011110000011000111001000011000101001101111101010000011011101
000100100011010000001011011001100001110101000001101110010110101100000000110100101001101100100100010100100100101101001101001000010000100100111010011100000101000
000000101001001110011001011001100000010110000100010101100000110100000110001010000000000111000010010001001110010010001000000100000101110110011101001100101011001
010110010000000101100100101011011110001000101101110000110001101001000101100000110100010000010110000000010000101100100000001100010000100000010001000110101010001
101101100111000001101000000011100110000110100011110011101110010001011010011000111100110000011010010100001011000000111000011001010011000000100100001010000100100
101010110010111001001011110010000001001110101010000010000100101000000100101000000011011011101000101011000110000000000110100100011011111010110001110111110101110
101011100110110011101100101000100101001010111001011100010010011010001001010100110111010001000000101110100011010000100110010010001100001001110011001101010011000
010110111000110000011000111010000111111000100110001101100111000000111100000001100000000001001001001010001101111010000001011001000001101101101001110100001100011
010010100101111111111100100111010001001010011001000100000010110100000110111010110101001000000100100101101011010101000010001010000100100111111000000100110010101
001100010111010010100000100111001010000010001000110000100001000101111101011110111000011000011001001001010100110001011010000111001010000000000001000000010010110
100000000000111100011011100000100000011100101011000100011111100000111000001001111000000000110100010000100001110000110011010011010100000010100010000100100100101
111100001010110101010000000010100100101111000000101000111011011110101001001010010010110101000000101010001001000011100001001110110010001010110101110101000000101
010000010001000100000001000001010110010101000000101110000110100010110011000101010001010111000000101110100110011101110011000000000011001111100000110110010010110
010011001110011010100100011000110000110101111100000111000101000100001100001001110100000000000000100000000101010001011001111000000000001011000000010010001000010
101101110000011000100001111000010001011100001110011100010101000101100001000001011100000101000000001101101000100000001000011100101010010110101111001100100010110
100000111111100110000001101010100111111110100010000011110010100001101011111001010011111110000010101011010101111011100101010111010000011010110101000000000000111
000111001100101110100001011101011111101110001100000110001101010100000100010001000000101101001100001010011010111111010111000100001000100000101111011111101101110
000101100101100011001010000010101000111001100001010100000100101100100000111011110000110011000110110101000111010100011101010010000100001001000001011011000000000
101000010100100010001100011001100000111110000000111100111011001001101111101100001100001001000100111000001000101011011100011000010000010000001011100011010100100
011101010101010101000110000101000100100111010000011011111111100110101000001100001000100010110010000011100100100110010001011011010000110111110001010110101000000
001001000000110000010000110000110011101000101101110010010011101010100110000011111000010101010110110011101001000000100010101101000000000101000011001010011011011
011111000100011000000001111011100110100001000101110001000001011001001000010110101011001100000001100110101000100010111001000010110011111110111010101000001011010
000110100000101000110010110101111110001001000001000110010100110001010111000100011010010000001001010111001100111000000001001001101001101001000001101110001101001
000101101000101100001011011110010000011000000000001100000100111110100100100000001111111000101100000010011010101001000000001001010001001101100001000110000010001
010111010010000001011000001011000110000000010110100000001000000000001100100001000110100101101101111101110101000000101001011011001001001001111011010001000011101
000110010111000001111010001100000011010011010100011110101001011010110010001000111001110000000001100000100100010000100000000101100000110000100010000000100011010
101010001001010101000001000000110010000110101111000000001111100010111000001100001001001101101000101000100111101110000001110001110110010010101100010111010111010
000010000011101010110100000001101010010100000101001110100110110100100101010001011110011000000111100010000111001101000001100000010000100011110000011100010100011
101010010101000100110110000100001100111000101000111010010001000010000110001010111100000111111101000111100000001111101000111111000000010000011111110001110000101
101011100011000001110101000100000010010011001111101100111000111000101010010001011010101011101001011100011000000010000101000010111110111001011010100010000100111
010001010011101001010001011001001101000110000000001101010100101011110000110111000100001000100101010100010110011001110000100010100000010111110111000110010011010
100000100001101010010110010000001011100100011101100000000110101100000100010100110011010000010000100000010001100000010011110010101000000010001111010000100010101
111110100100111010101111010001100111000011010100111100000001101100010100100100000100000100001111111001101001011001000100101010100000110101001110110001011011011
100111101000000011010000111010100101001011000011100100110111101000010100101000000010011000001010010000111111011100101000000001010011000110111100011000010001001
111010010100001110110011010000001010010000100000011001101100011000010000110000000100010000110001000111010000011110100101101101111000000010111111100010001000001
001001001001011111000100100010011000110010101101010010011000011100100010110100001000001000100101011100001011000000000001101100000100110000000000001110001101100
100000001000001001100110010011000000100000111100100110010101000100000001000000001011101100010110100100111000000001101111101000000010000011100100000010011001000
001001000000001010010011010001110010110111001110101011111100100000100010100010110000110111111101011110011001011001000001010011110110001100000010001101110001001
000100110001011110100011101000111101000110110111000000000001010101001000000001111010010101000010010101001000001010101001010000010110001000010011110010010100010
000101001000011000010000101101010110000000000111000111010000011111011000010001110101011010010000010000100011001111010101000011110010000000100010010000010111000
100001100111000001011000011100000110000000001000010010000001010111001011000101000010110101000001010110011010111110001010000010100101100011101001100100010100011
100100001000100101000100110010100000100011011110101010000101101101000010111010001011000001010001010100110000110010011100001110101101111111000110111000110100001
011010101000111100000010010000011000100001000110011101001101001011000101110000000010100010110000001111110001001101001100000010000111110111000011011000101001001
110110110001100110101101100000101100111110010000110011000000000110011001101010010000111101100010001110100000010001000010111101111010110111101100000000001010010
101100011101101110000011000000100100111011011011010010010010100100011000011111011100010110001010001010000011001101010000000100101011001101000100000100100000010
000100111011010001010010001100100101000110000011000100001001100110000010100001010000100010100011000000110010010001111110001000001001000110010101100101101110111
111001011000000001110000001011000000100000000001000100001010100111000010010100101000100001001000111011101000100001000000000000110010000000000000000100000001001
100001001100111000000000000100000100100000101010001000111100110000110010000001110011000000100001010110000000101011000011000101110001100000100001010000111110110
010100000000100010000001000001010011000110111011111001001001011111011001000010001111010011111100000000000100100100000001000000111000100000000010110110011110011
101010101011000001100110110000001111001101110000010100000000000101001011101110000101100000100110110111100001011011100101001010000000110101101011011010100000111
000100000001101100110011111110010111100001101010110111100111111110010101100011001001101100101101111000100111100100111000101111111000110011001000110000000101001
000100011000101100001000101110001000111000100001000111100000001010000000101000001001010001010011100111011011100000011010101111001101011011010000011010001010000
011000111100000000101001101000011001001000101010000001000001100000000000110010000010000000011001111010000100000000001110000001010011000001001000101001001101000
000000111010100011111001000101111000000110010000110000001101111111111110000100011011001001001010010111000101100100001000110001010100111011100011000110000000010
011110000101000001010111011100000110011110110010011110111101000011001001001011011010001000101000100100001110000100010100100111110111001000001100111000001010000
000110010100100111110001101101100000011110101100101010010110101011111101101010100010100000000110010000010100011000110110000000100100000000000000011100101111011
011101000001010000110101010100100010010011100000000011010101010000011100000011111000001000111010111110001110110001011111100110111000010100001101101100100111000
000001010101110000001100101110000100110000000001111010001010111001010111000000111110001111111101010100111001001001011011011010000001000000000000010011110101000
000000000100100110100000000101101100000101000101100010110101100001111000110000001000100110100110110010011111110101010010101111001000100001000110010100000110111
010001000010111100000110000100110101100010001111110011100100100011000011100110000111010100011101110011001111000010001000000000100010011011110000001100100101001
011011000110000110111001000110011110000000000001000011001000100110001001010100011000001100010011111101110010101111010101110010101000100000110100000110010100000
000011110100101010000110011011100110011001110110001100001101010110100100000110101100000011100100000110000100010010001101000111000101001111000000100111011011011
000010110100011000100001000000101100000110001001110001110111010000110000101110111000100001000111001001011000000100000010000100000011101100010000000100100100000
110000101100010100111101110111000001110010000000101000110000011001110110011001010010110000101100001010010101111001001001111110110010100000100011011010110000100
001000011000111001000100001001001001011110100000001100111001100010011001001100000001011110100101000110111001001110011110101010000000001000010111110101111110001
101011001000111000100011010001111100110001000010000100111011000010111010000001100100001000111010000010100110000010101010110010010100001000011001000001110111000
000011100001001010001010010011000010000101001010010011000010111100010010101010110110011110111011110010110100010100011011001100001001001000100011001010000000101
011111110011010111010011011000100100100010101000001011011011000111001001101011110000001000100000010001000000000101110011110001001000000010000001000010100010011
101110010111001000000000001110110000010000001111010101001001110000110010100011101011011111001110011001110001101010110010100000101110101011001010000110100000000
111100100001100000010010001000110000111101000110100101000000000100001000000101100000000000010111101010100010110001101100001010001000001000001000100000111010100
000001001000000001110011110100101010011010001010001010000000001110000100010100010110101111001001110111010100101000010010111111000001110110101111111010101000000
100100001110110100001101000010111001001011011111101011100101011010101110100001011110011011110011000100001111011010010101100001010011111100010001011001010000000
101100000001011010000001100000100011101110000011011111000001110000100100111011000111000100100010111010010110100011010000001111000010110010100000110001101100000
000111011100010001101000101001010000100001110001110000011010010011010001010110010000110100000011100100000000001011100001101100101100000010000111110111001101101
011000010101000100100111011010000001001100110111101110011101010111101101000110100001101010010100010001001110101110101001101010000000111100111101111101010010010
011101100000101100100101111110000000001110000100101110100001110110000101100010000000001010010111111010000100000110110000110000000000111011100001011100101000111
101101100100111000100000110011110101101000000100010011100111100001110000000101110000101110100000001000110010111100000110101000100001100001001000010000000000001
101101000111100010110000100000000101000000101010000100001100000100100001101001100101111100100100000011011110100000001010000101100100110000100001101100111011000
000011100001111011011000101000001101011000110010001000110001010000001000000111011000100001000001010100000101011100011100111000010100011001111010110111100011101
110101001011001111010101000001010011001111000010011010110011101110000100111000101011001111110100011000010010000000001000100100001100010100111010010001001000000
011100100101110000010101001010101001000011010111001011101100101000011001100100110000000010010000100001001100000100011000100000000010100000110011110100110010011
111000010010010001001101011000110100000001011010101111110000001011110000101000000101100010111001000000100000101000101100110001110100001101000000001010010100000
000011010101010000010100010100011100001100001100111001000100000100101011010011000001110111100011000110001100110001001011001010001111001101001100101010110010100
110000010000100110011000011100011110011100100011100001000000110001000100010100100100000000101110010000000011000011101101100000101101100101000010000010111011000
100111001011101011001001000111011111010111110000100101000010101000110000011000101000010000110011011101001010100000000001100000011101111000010000001110010010100
111011010100000000011001111000010000100010000010010011011000010001010000001010011100111010011011000011110000000000011100011010100001001001011110011010000110110
101000000001011010111000001100000011001100011010001001000010000100101001001011011100000000000001001000000110101011100000001100110110100010001010111101001000001
100001011000010010001010111110001000111110100101010001000011001100110011011101000010000011101011100001100100001000000001100001000000000010000111011001001110000
000100010001100000100110100001100100010001000101011100100100000100001001101010110010110001101001101001000111100100000100100011000000010000001001101100001110010
110111110000000011000101111010011000000111000000011000111110101010001101110111001001111110110000010001010110011000000100000010010000101011001010010011101000000
100000101010100100110000110000100001001010001010011000001101110111011110111101010011110010110101001101110011110001100011110111011000101001100010100101110110001
000000010111000101110111110011001101001010001010110101000000010001000011100100100100010011001000010110000010111001101101010001001110010100100101011001000100111
010100101000011011001111000001000010111000010010100001000100001010000000010001100000110001011000110011110100000011100010000110110010101001010010100001110100010
010100010001100010111000101110100001001010100010000001001000000000100010000110100010110000101011000011010011100010001000100110000110001011101000001001010000011
001101011000100100110011010010001000110100100110001100000010101100101001100011010100000100010100100111010100001110001110010010011111110001101001010001101100100
111100101110100101110110110110001000101100000010001100001001001011000001001000110010010000001101010011100111011001010100111111101010000010111010110000000100000
000000001011001010010011010001000110010100101001110010000111010110000110111101000101010011101001010010101000111100011001011001001010001001100010001101110000111
010101110100000010110100000010011010011010010011000111001000010110101101010110011110101000111101010001011010000000011101100001000100001110000101001001011011001
110101100001001011000010011100000110100110000100010010000111000101110000100000010011110100100001100001111001011001010010110101100101000001010101110000001001000
111101010000100001010001010000100001110001010001010011001110100111011110100100010010111110101010011100000100000000011111111111001110100110001111000011010101000
000111100100100000010110010101000001011100110101111000000010010010000000111011101001010100011000100000101110100100011000111110110010101101001100000000110110010
100011111000100000110000100100010101001110011100110111011101110100100010000010011101001001000100011001010000001101010100111111100001001111100000000001100011011
010010001100001100100011001001000010000011000010011101100111000001000000100110010101101000000101000000010000010011001111010110110010110001000111000110010011001
010010110000100000000111101101000101111111010000001000010010110100000101100100000000100011101010100101110100010011100001110100010000010000000010010011101010001
101001000111100111010010101001001010110100001011110000110001100011101010111110011000000010100001000100010000111101100001101000010000011010010110011000000100010
000101111001100101001000010111001110001100001010000101010100010011000000100111010000100000010111001100000011010100010000000111110000000110110100010000100101000
100101110100100000110100101100010001100000000011011100010000011101001001111110011101000000100010000011010110000000010011001111000100101100101100011000001101010
000110101100100100011000000110010011001010010111010111100011000101001111000111100000100010000001110000001010000111000000011010010101011010010000111010111010000
011011000000110100111001000000011000000110011101000110001010111001010111001101000010101011110110110000100101100001110001110001110001000101001100111101001100000
010001011000010001101000101000100001000011011110000100000100100101111110100011101011101101010110100011000100000000101111001101001011000110110001100110001100000
101011001100011101000010100000110010001001100000100001110000000110011010110000100000101001110001000010010000100000101000111110110001100000001001010000001111001
010100110011110010011000010111000000000000111111101001001000101100001001000101010101001001000101000110000101000000000100010110011000001111001000100100001110101
001110010011111001100001011100010000000001000000101000010001000010000010001001100110010100100000110100100001111111100001010011111010101000101101111011001010011
000010110011100010101011101011000000010111001101011011000100000111011010100010010001101101001000011010000101101000100000001000100010110100101000011011001100100
100011101000110000001100000001010100111110110100110001111001100101111011011100010101100001100111100110101010010000010111110001011110001100101110010100111000000
111101110000110111100100110010001100000010100110110000110010011011101000000101100000001110001000011010000111110100101011101101101011010100110000000010100010010
000011111100011111001000001110101010001000101111101110000011100011000111101001111100011100011000100011011110010000000110110011100110011001101000100100000101010
000111100000000001010001100000100100100010101111000101100111010000000000100101011110001101001100110000011111110010111000111001000000101111000010011000101101100
111001010101001000010000000000011100000110110100001010110100001000101000000110001011100100011111100010000011110100000000001100100101011100011000110110101110001
